-6.93670e-01 0.00000e+00
-6.84421e-01 1.76532e-03
-6.75172e-01 2.59400e-03
-6.65923e-01 3.47425e-03
-6.56674e-01 4.33529e-03
-6.47425e-01 5.28324e-03
-6.38177e-01 6.30776e-03
-6.28928e-01 7.37277e-03
-6.19679e-01 8.24143e-03
-6.10430e-01 9.22267e-03
-6.01181e-01 1.02488e-02
-5.91932e-01 1.12819e-02
-5.82683e-01 1.23507e-02
-5.73434e-01 1.36248e-02
-5.64185e-01 1.48611e-02
-5.54936e-01 1.61090e-02
-5.45687e-01 1.72610e-02
-5.36438e-01 1.85262e-02
-5.27189e-01 1.96737e-02
-5.17940e-01 2.09716e-02
-5.08691e-01 2.23411e-02
-4.99443e-01 2.37827e-02
-4.90194e-01 2.51408e-02
-4.80945e-01 2.65753e-02
-4.71696e-01 2.80340e-02
-4.62447e-01 2.96206e-02
-4.53198e-01 3.12167e-02
-4.43949e-01 3.30656e-02
-4.34700e-01 3.49313e-02
-4.25451e-01 3.69913e-02
-4.16202e-01 3.90355e-02
-4.06953e-01 4.13639e-02
-3.97704e-01 4.36696e-02
-3.88455e-01 4.62900e-02
-3.79206e-01 4.89428e-02
-3.69957e-01 5.16864e-02
-3.60708e-01 5.44148e-02
-3.51459e-01 5.73941e-02
-3.42211e-01 6.01765e-02
-3.32962e-01 6.33899e-02
-3.23713e-01 6.64944e-02
-3.14464e-01 6.98389e-02
-3.05215e-01 7.32247e-02
-2.95966e-01 7.66696e-02
-2.86717e-01 8.04191e-02
-2.77468e-01 8.41067e-02
-2.68219e-01 8.81352e-02
-2.58970e-01 9.23680e-02
-2.49721e-01 9.66340e-02
-2.40472e-01 1.00986e-01
-2.31223e-01 1.05681e-01
-2.21974e-01 1.10468e-01
-2.12726e-01 1.15504e-01
-2.03477e-01 1.20760e-01
-1.94228e-01 1.26353e-01
-1.84979e-01 1.32141e-01
-1.75730e-01 1.38487e-01
-1.66481e-01 1.45342e-01
-1.57232e-01 1.52683e-01
-1.47983e-01 1.60565e-01
-1.38734e-01 1.68940e-01
-1.29485e-01 1.77870e-01
-1.20236e-01 1.87714e-01
-1.10987e-01 1.98409e-01
-1.01738e-01 2.09600e-01
-9.24893e-02 2.22118e-01
-8.32404e-02 2.36453e-01
-7.39915e-02 2.52967e-01
-6.47425e-02 2.72919e-01
-5.54936e-02 2.95823e-01
-4.62447e-02 3.21441e-01
-3.69957e-02 3.48931e-01
-2.77468e-02 3.79155e-01
-1.84979e-02 4.14651e-01
-9.24893e-03 4.56231e-01
0.00000e+00 5.00796e-01
9.24893e-03 5.43776e-01
1.84979e-02 5.81225e-01
2.77468e-02 6.13056e-01
3.69957e-02 6.41186e-01
4.62447e-02 6.67961e-01
5.54936e-02 6.93027e-01
6.47425e-02 7.14676e-01
7.39915e-02 7.33474e-01
8.32404e-02 7.50499e-01
9.24893e-02 7.64791e-01
1.01738e-01 7.77316e-01
1.10987e-01 7.88634e-01
1.20236e-01 7.98969e-01
1.29485e-01 8.08655e-01
1.38734e-01 8.17742e-01
1.47983e-01 8.26521e-01
1.57232e-01 8.34352e-01
1.66481e-01 8.41784e-01
1.75730e-01 8.49098e-01
1.84979e-01 8.55455e-01
1.94228e-01 8.61751e-01
2.03477e-01 8.67786e-01
2.12726e-01 8.73285e-01
2.21974e-01 8.78370e-01
2.31223e-01 8.83439e-01
2.40472e-01 8.88395e-01
2.49721e-01 8.92968e-01
2.58970e-01 8.97497e-01
2.68219e-01 9.01909e-01
2.77468e-01 9.06097e-01
2.86717e-01 9.10259e-01
2.95966e-01 9.14306e-01
3.05215e-01 9.18214e-01
3.14464e-01 9.21761e-01
3.23713e-01 9.25438e-01
3.32962e-01 9.29212e-01
3.42211e-01 9.32592e-01
3.51459e-01 9.35921e-01
3.60708e-01 9.39120e-01
3.69957e-01 9.42109e-01
3.79206e-01 9.45163e-01
3.88455e-01 9.48190e-01
3.97704e-01 9.50914e-01
4.06953e-01 9.53515e-01
4.16202e-01 9.56135e-01
4.25451e-01 9.58390e-01
4.34700e-01 9.60794e-01
4.43949e-01 9.62963e-01
4.53198e-01 9.65072e-01
4.62447e-01 9.66852e-01
4.71696e-01 9.68708e-01
4.80945e-01 9.70531e-01
4.90194e-01 9.72308e-01
4.99443e-01 9.73947e-01
5.08691e-01 9.75693e-01
5.17940e-01 9.77407e-01
5.27189e-01 9.78865e-01
5.36438e-01 9.80299e-01
5.45687e-01 9.81642e-01
5.54936e-01 9.83090e-01
5.64185e-01 9.84481e-01
5.73434e-01 9.85821e-01
5.82683e-01 9.87167e-01
5.91932e-01 9.88422e-01
6.01181e-01 9.89742e-01
6.10430e-01 9.91050e-01
6.19679e-01 9.92291e-01
6.28928e-01 9.93390e-01
6.38177e-01 9.94655e-01
6.47425e-01 9.95677e-01
6.56674e-01 9.96709e-01
6.65923e-01 9.97898e-01
6.75172e-01 9.98967e-01
6.84421e-01 1.00000e+00
